Document Frequency Eq1:
-----------------
Class id: [0.0]
_: 0.5365853658536586
the: 0.11507936507936507
ics: 0.0668693009118541
uciedu: 0.0668693009118541

Class id: [3.0]
_: 0.450920245398773
x: 0.11402815119405346
echo: 0.10802469135802469
the: 0.09782608695652174

Class id: [2.0]
_: 0.49760765550239233
0: 0.23591549295774647
the: 0.11550151975683891
00: 0.10933940774487472

Class id: [1.0]
_: 0.36585365853658536
the: 0.11439114391143912
mhz: 0.07068062827225131
i: 0.06910569105691057

Class id: [4.0]
_: 0.5434782608695652
the: 0.10431654676258993
yes: 0.06818181818181818
to: 0.06354515050167224

Class id: [5.0]
_: 0.5310344827586206
dos: 0.12648221343873517
1: 0.1246485473289597
ca: 0.12343096234309624

Document Frequency Eq2:
----------------------
Class id: [0.0]
of: 1.0
launch: 1.0
in: 1.0
ics: 1.0

Class id: [3.0]
xtermmap: 1.0
of: 1.0
you: 1.0
doug: 1.0

Class id: [2.0]
of: 1.0
you: 1.0
more: 1.0
that: 1.0

Class id: [1.0]
diamond: 1.0
or: 1.0
you: 1.0
mhz: 1.0

Class id: [4.0]
of: 1.0
mr: 1.0
in: 1.0
i: 1.0

Class id: [5.0]
dj: 1.0
dos: 1.0
contains: 1.0
ms: 1.0
